10100000110001100101000000101000101010001110110000001110110110011010001000001110100000101010001010011101110011100100110011100110011011010011111111111011000010100000010001011100111000101111001111111101111101010011011011001110110111101001101100100011111001010110110001100100110000011101010000111101101000110111111110101101000001110000100111011110000111111111111010110001011110001000110101001001000000100110001011111111010100011111001001111110101000001111100011011101010110000000001010110011010010011001101110110110
1010001101011011000100000011000011000101000011011010110000111011111010000001110000001010110111100101
1010001110101010001100011100001111101000101111001111111101010100101110011001011110000101001001101111
0000010111111001010000010010011110111111110010101111001111100110100110011011010011101010101000100111
1010000000010111010011111101100101100010000010100000001011000001011101101001100101100011000110111100
1000101011001110010011110011111011000111010000100111001010000111100111101111001001110111101110100111
1001110011010000101100110100101100001010101100101011001001100000111110010011011011001011111011101000
0011110011000100001101000111111100100001101110001010000000001100000000111010110000101011100010001110
1111111001000000110001100111001101001101000111001100101011000011000110100110011000010011100011000100
0111000001001001100001000101101001010100010010001001010111011110010111011101110101001000010101010110
0001101010100100100101011001000001000111110011111001010010001100100100011100000100010101000010011011
0111110110110010001110100001100011100100100010001111111100101000101001111000000001111000111000110000
0100100101000011001011100010010111000110111011010001111100001011100101001000010110010000000100000101
0100110010011110011010100110011100100000001000100010111101010100101100000010110111011101111011010111
0110011010011001011011100010111110101010110001001000110011000100111011101100110111111101110000111111
0000101001100010011111000110101100000010111010101110010001110011010010011110010100001001011110001001
0100110011000101111011111011111110111111011110000000101011101101010101011000001000010000100111000011
1110110010101010100111111101011111111010101001111011111010100110010011000001000100001011011010000101
1001011110111101101111000101110101100000011100110111100100111100110101000011001101111110001001100000
1011000100010011000101000000100111111010111011110011111110010110001010001011001110111110010001011110
1101110101111110100010011010001001101100000111001011010010011110000101101100101001010000100000111100
0101101101110010001010101010000000101111011111001111010000110100011011010101101001011101100111000101
1011101011010000000001001010101001101001101111101110101001010100110011100101101111010010001110000011
1100111110100010000011101010001101111001001110000110001011011011000101110010110000000000011101111011
0111000011101001010010010111001111111100110000001111111101001111111000100000000101111111001111001001
1111000000100010010001011111100101101011000010110101011010000110001110011000010101101100000111010110
0101111011001101010101101110110000100100010111010100010000011001101111000010011111101010101100010001
0001011000110011011100111000010011000001111101010010000011001101110011001101100000101001101001110010
0011000011110001100000111010001011100011010100110111000011101100000000101001001100101111110011000000
1110110110100011010001110110110111111011101110011101000010100001010100011100111010100011111101000111
0010111101111111101111010100010011000110001110011110111001100101100111001011110111001010101111111001
1110010110110100100101001011100010001011011111010111010111010110010001010001100011100000100111000011
0011110100001111001011000001001010111011101010000001000001111000000011010111111001111001111111010011
0110101001001110000100001000110110111001101100010111111000000110000110010101001100111110000101000100
1100011001000101111111001000001001100000111110010001101110111101110011100010011100000000111011010111
0001110100001000110000011011110011011010100110111111010011101100000110111100100110111011001110111001
1010001100001000010110000110001100101000111111001110101001010111011111010011100001011000111100111100
1000011101110100011111111011011011111101100001000110101010010110100000100100000100000000001011001000
0101010101101101110001010100011000101101100100100011000110010110101100001011100001111001001110100111
0001010011010011010110111101010001110001010111001111111101000111000111001001011100111100110100100010
1101000111111100000101110010100111101100110100110001011001101111100000011111101010110100111100101111
1000000010111111111000100011111000110111010011001100100011001101010111010110010001000011001010100010
1110011100100011010001111011100110111001100110110000010101011110111111000000001000111110000010011111
1101010111111110010101101111100110111000100010101100011101011100100110100000010101011010101000011101
1011010010001100111001100100110011011100010110110101000000000011000110110011001000011011111001100100
0100011011010010110000100110110001000111101110011000100010110001111110101101010110111101100101110111
1101010010101110100101101000010000111100101001101111111001100100010011110111110000101111010010101110
0000110110010111110111010111010101010010111010011111100001101100000101010001110011100100111000011011
1011111110100101011011000101001110110110010011100010100010011011001101010110110111111101001010010101
1110000011111001111001000100110100001101100011000110011100010011001100111101000001101111001000110000
1111001100110100010111011000111010010001101101000101100001111010100100011001101100111000000010010010
1010111110010000101000100110110011001011110011101111011110111110101001110110000100001010111010100110
0001100010101111101010000110110010001100000000000101000010110110000011001110001011111000000000011011
0100100101000100000000011110000110000000011000100011111110111101110111000100001110010111011010111101
0010100000100011101111000000111010010101010001111000111110100100001010100001011011100001001000011011
1101000110000111010000001111010111101100010010101010001111101001001101010001011110000111011110101011
0101001000010111101001011100101010101011100010110110101100011110011111100001111000110110100110101001
0011010001101111001011100110010111010110011011101011111001011010000010111110111100101011111101011010
1000001100111001110000011101101110100110100110111000010010101100001011011010001110111010000001001000
0110100100010001010011000001001011100001110010110001011010110011000000101010111101001001100011001101
1111000110001000000110110011111110000111011010111010101110001111001001010110000000001011010000111110
0111101111100110011100101101101111000000010111011111010010001001001111010000010111101000001110001111
1011000000101010110000101011001000101010010001100101101100100111110011101101000110001001000110110010
0110101011100111011000010001110001111000111100110111011110111010010111010010000010110100101101010101
0001011101001001011101000011001101001110111111010001100101000111000001011101010000110001101110101111
0100100100001110011001000011011001111010101001011111100001111011011000011010101111010010110110000100
1001101000101110010111001110010110101111110101011110000111011000010110100000011011000110000101011101
1000110101111000111111100100001101000110010100001010111110111101100010111011010101100011010000110011
0000101101011011010100111000110101010000100010000000000111011111011000110010010110100010011100111110
1110011101100101110101010001101011101101110001101110000011110100011010101001011000100000100101010001
1111000101111010101001011011011010101111000100010100111000011011001101110001101000111110111010010000
1100110001110011101011101101111010010100111101101000100100100000110101111100011000001010100100110010
0000010000001001100100010101011111100001110110110010111000100010111101101101110101111110100101011000
1010101110000000010010101010000110011001110001101011010011111110100111011101011101110101010000011001
1011000011110000000100110111101011001110110111010101110001110000011111100011111101000001110110000000
1011001000100100100001011000100101110001000111111111010100010000010001001010001010100010111011110011
0100110000000011101010000100000001101001010101100000001010101001010000010000101110101100011100000100
0101000110001000010110011010001011001001101001110111110011010110111101111011100011000011000000111001
1001100001101110110000010100000101000100110000110111010000111000001111110101101110010010100010000010
0000101111000001001001000101110111110011000101001110100010001101110110010111111001111010100001010011
1101001101010110011001000111001101100101110010001110011010111011110001001011111110110111011101010010
0001100011010101101011011100110001101001001101101101101011110011011111100001001010100001110101101010
0100000101110001101011010011101100111101110010100000100110101001100011010010110011111111100101011010
1111010010100110001001011001001000101110000010011000100111100001111111000001011011001100010110011110
1111111100010101111001111010101001101010110001000100100010011101010011001111101010101101011100010110
0100001001111110101010011010100011111000011001101101111100001011001001010101110010111101110000000001
0001111001100000011100100111001010111010001001111010100111000010011011110100100000100000000011001110
0111100011000111110110110001100011001100010111110001000110001011110011110111000001101100011011111110
1100111100001010010100001100111110000101000101111001111111001101111101010101101010010001011101101011
1011110000100111111111100011101001111101010110000100100001111110000010001011011010110010111001110010
1101011011100101110000011001011101000011111011100010101101001011101010111110101101101101010111011100
0111010101101111110101001101001111001000011000000100011011010000000101010111101010110000110111100101
1111001000110000101010000101111100010010000110010011110001001110000000000011110111011100000010011001
0011011110110000111100001010111100100011101000010110111010110011110100111001000100111110010001100010
0001001000010100110101111000010011110001101001111101110010110011101111110001000100011111101100001100
0011111111101111101111101110110101110111001010101011101000111000000001111001111101011011010010010110
1001110110111010001010101101110000000010101010010011011010000010100000110001001011001001001000000101
0001100100011000001100011110000010110011100000100101110100101000100101000001110111011010101001010000
1000100010101000111110111100100001100011011011010001010100100011000010001110101101100001111111100100
0101111000010100000111111110100001111110101111111000110010111010111001110100111000010101110000011101
0010110110000100100010010101000111000100101010111101011111011110000110010011101010011110000110111100
